T,PS,M/S.SHIBNARAYANEN,497,497,AMROLCSYRUP,100ML,PARKERROBINSONPVTLTD,PR2304,28042025,0,12.0000,0,66.43,66.43,0,93.00,0,0,0,1.00,0.00,6.00,3.99,0.00,0,,,,,30049099
T,PS,M/S.SHIBNARAYANEN,369,369,AMBRODILSYP,100ML,ARISTO(OTSIRAGENETICA),MPA240297,28062026,0,12.0000,0,59.29,59.29,0,83.00,0,0,0,1.00,0.00,6.00,3.56,0.00,0,,,,,30049099
T,PS,M/S.SHIBNARAYANEN,367,367,AMBRODILS+SUSP,100ML,ARISTO(OTSIRAGENETICA),SB201A244,28062026,0,12.0000,0,25.82,25.82,0,36.15,0,0,0,5.00,0.00,6.00,19.88,10.00,0,,,,,30049099
T,PS,M/S.SHIBNARAYANEN,638,638,ASCORILDCOUGHSYP,100ML,GLENMARK,11231685,28082025,0,12.0000,0,100.71,100.71,0,141.00,0,0,0,1.00,0.00,6.00,6.04,0.00,0,,,,,30049099
T,PS,M/S.SHIBNARAYANEN,11271,11271,AMBRODILPLUSRFSYP,100ML,ARISTO(OTSIRAGENETICA),DPL232992,28052025,0,12.0000,0,69.90,69.90,0,97.85,0,0,0,1.00,0.00,6.00,4.19,0.00,0,,,,,30049099
T,PS,M/S.SHIBNARAYANEN,637,637,ASCORILEXPECTORANT,120ML,GLENMARK,05231558,28092025,0,12.0000,0,105.00,105.00,0,147.00,0,0,0,1.00,0.00,6.00,6.30,0.00,0,,,,,30049099
T,PS,M/S.SHIBNARAYANEN,640,640,ASCORILEXPT200ML,200ML,GLENMARK,11230885,28042025,0,12.0000,0,149.29,149.29,0,209.00,0,0,0,1.00,0.00,6.00,8.96,0.00,0,,,,,30049099
T,PS,M/S.SHIBNARAYANEN,641,641,ASCORILLSSYRUP,100ML,GLENMARK,51230366,28072025,0,12.0000,0,92.14,92.14,0,129.00,0,0,0,1.00,0.00,6.00,5.53,0.00,0,,,,,30049099
T,PS,M/S.SHIBNARAYANEN,10454,10454,A-TO-ZNSSYP(L),200ML,ALKEM,23491256,28052025,0,18.0000,0,128.81,128.81,0,190.00,0,0,0,1.00,0.00,6.00,7.73,0.00,0,,,,,21069099
T,PS,M/S.SHIBNARAYANEN,10,10,A-TO-ZNSSYP(S),100ML,ALKEM,24490058,28062025,0,18.0000,0,67.12,67.12,0,99.00,0,0,0,1.00,0.00,6.00,4.03,0.00,0,,,,,21069099
